  0 :    44    48    44    45    44    44    44    44    44    44    100.00    91.67   100.00    97.78   100.00   100.00   100.00   100.00   100.00     889.44
  1 :    74    95    75    82    78    75    78    80    72    72     97.30    75.79    96.00    87.80    92.31    96.00    92.31    90.00   100.00     827.51
  2 :    38    44    42    44    38    38    38    38    38    38    100.00    86.36    90.48    86.36   100.00   100.00   100.00   100.00   100.00     863.20
  3 :    15    17    15    16    15    15    15    15    15    15    100.00    88.24   100.00    93.75   100.00   100.00   100.00   100.00   100.00     881.99
  4 :   128   182   163   155   146   134   150   178   125   125     97.66    68.68    76.69    80.65    85.62    93.28    83.33    70.22   100.00     756.13
  5 :   105   162   117   136   115   113   115   145   107   105    100.00    64.81    89.74    77.21    91.30    92.92    91.30    72.41    98.13     777.84
  6 :   571   678   595   568   526   548   529   633   501   501     87.74    73.89    84.20    88.20    95.25    91.42    94.71    79.15   100.00     794.56
  7 :    90   172  2841   147    90    94   142    94   124    90    100.00    52.33     3.17    61.22   100.00    95.74    63.38    95.74    72.58     644.17
  8 :    67    93    82    67    63    70    72    74    68    63     94.03    67.74    76.83    94.03   100.00    90.00    87.50    85.14    92.65     787.91
  9 :   278   391   690   337   288   294   295   363   291   278    100.00    71.10    40.29    82.49    96.53    94.56    94.24    76.58    95.53     751.32
 10 :    30    34    30    30    30    30    30    30    30    30    100.00    88.24   100.00   100.00   100.00   100.00   100.00   100.00   100.00     888.24
 11 :    72   115   884   104    72    78   100    96    94    72    100.00    62.61     8.14    69.23   100.00    92.31    72.00    75.00    76.60     655.89
 12 :    80   184   559   114    81   123    93   137    83    80    100.00    43.48    14.31    70.18    98.77    65.04    86.02    58.39    96.39     632.57
 13 :    39    39    39    39    39    39    39    39    39    39    100.00   100.00   100.00   100.00   100.00   100.00   100.00   100.00   100.00     900.00
 14 :    24    29    24    28    24    24    24    24    24    24    100.00    82.76   100.00    85.71   100.00   100.00   100.00   100.00   100.00     868.47
 15 :   124   141   137   136   128   120   127   139   123   120     96.77    85.11    87.59    88.24    93.75   100.00    94.49    86.33    97.56     829.84
 16 :    17    17    17    17    17    17    17    17    17    17    100.00   100.00   100.00   100.00   100.00   100.00   100.00   100.00   100.00     900.00
 17 :   250   546   600   321   188   329   328   674   324   188     75.20    34.43    31.33    58.57   100.00    57.14    57.32    27.89    58.02     499.91
 18 :    57    68    56    64    61    58    59    60    56    56     98.25    82.35   100.00    87.50    91.80    96.55    94.92    93.33   100.00     844.70
 19 :    10    10    10    10    10    10    10    10    10    10    100.00   100.00   100.00   100.00   100.00   100.00   100.00   100.00   100.00     900.00
 20 :   517  1340  1913   578   588   980   979  1395   551   517    100.00    38.58    27.03    89.45    87.93    52.76    52.81    37.06    93.83     579.43
 21 :   376 12226  7182   602   168   605  1917   742   946   168     44.68     1.37     2.34    27.91   100.00    27.77     8.76    22.64    17.76     253.23
 22 :   180   210   192   193   179   178   182   197   175   175     97.22    83.33    91.15    90.67    97.77    98.31    96.15    88.83   100.00     843.44
 23 :    27    30    27    27    27    27    27    28    27    27    100.00    90.00   100.00   100.00   100.00   100.00   100.00    96.43   100.00     886.43
 24 :   104   282   300   216   106   132   133   168   111   104    100.00    36.88    34.67    48.15    98.11    78.79    78.20    61.90    93.69     630.39
 25 :  1531  2143  1810  1288  1340  1377  1253  1994  1519  1253     81.84    58.47    69.23    97.28    93.51    90.99   100.00    62.84    82.49     736.65
 26 :    29    29    29    29    29    29    29    29    29    29    100.00   100.00   100.00   100.00   100.00   100.00   100.00   100.00   100.00     900.00
 27 :   176   313   442   225   130   199   199   245   238   130     73.86    41.53    29.41    57.78   100.00    65.33    65.33    53.06    54.62     540.92
 28 :   120   589   394   279   137   360   183   485   249   120    100.00    20.37    30.46    43.01    87.59    33.33    65.57    24.74    48.19     453.27
 29 :    34    40    33    38    35    34    34    36    34    33     97.06    82.50   100.00    86.84    94.29    97.06    97.06    91.67    97.06     843.53
 30 :   525  1435  1591   537   568   814   772  1379   539   525    100.00    36.59    33.00    97.77    92.43    64.50    68.01    38.07    97.40     627.75
 31 :   502   743   618   604   406   419   562   870   492   406     80.88    54.64    65.70    67.22   100.00    96.90    72.24    46.67    82.52     666.76
 32 :    39    49    39    42    40    39    39    41    39    39    100.00    79.59   100.00    92.86    97.50   100.00   100.00    95.12   100.00     865.07
 33 :  1464  4492  5089  1477   250  2510  2208  4278  1620   250     17.08     5.57     4.91    16.93   100.00     9.96    11.32     5.84    15.43     187.04
 34 :    55    71    56    64    60    55    55    60    55    55    100.00    77.46    98.21    85.94    91.67   100.00   100.00    91.67   100.00     844.95
 35 :    24    24    24    24    24    24    24    24    24    24    100.00   100.00   100.00   100.00   100.00   100.00   100.00   100.00   100.00     900.00
 36 :    66    98  1309    86    68    68    76    75    74    66    100.00    67.35     5.04    76.74    97.06    97.06    86.84    88.00    89.19     707.28
 37 :    78   163  1739   122    81    92    98   103   102    78    100.00    47.85     4.49    63.93    96.30    84.78    79.59    75.73    76.47     629.14
 38 :   279   345   330   300   286   272   290   358   414   272     97.49    78.84    82.42    90.67    95.10   100.00    93.79    75.98    65.70     780.00
 39 :    95   207  5068   167    96   114   164   170   159    95    100.00    45.89     1.87    56.89    98.96    83.33    57.93    55.88    59.75     560.50
 40 :  1202  1866  1492  1359  1274  1346  1292  1676  1304  1202    100.00    64.42    80.56    88.45    94.35    89.30    93.03    71.72    92.18     774.01
 41 :   113   164   156   141   112   131   132   150   107   107     94.69    65.24    68.59    75.89    95.54    81.68    81.06    71.33   100.00     734.02
 42 :    42    50    42    44    40    40    42    45    42    40     95.24    80.00    95.24    90.91   100.00   100.00    95.24    88.89    95.24     840.75
 43 :   157   301   191   198   181   160   163   212   161   157    100.00    52.16    82.20    79.29    86.74    98.12    96.32    74.06    97.52     766.41
 44 :   112   318   326   209   117   149   124   241   116   112    100.00    35.22    34.36    53.59    95.73    75.17    90.32    46.47    96.55     627.41
 45 :    33    43    33    36    33    33    33    35    33    33    100.00    76.74   100.00    91.67   100.00   100.00   100.00    94.29   100.00     862.70
 46 :    57    72   437    58    52    52    60    60    56    52     91.23    72.22    11.90    89.66   100.00   100.00    86.67    86.67    92.86     731.20
 47 :    40    40    40    40    40    40    40    40    40    40    100.00   100.00   100.00   100.00   100.00   100.00   100.00   100.00   100.00     900.00
 48 :   567   662   566   564   534   547   513   633   504   504     88.89    76.13    89.05    89.36    94.38    92.14    98.25    79.62   100.00     807.82
 49 :    18    19    18    19    19    18    18    19    18    18    100.00    94.74   100.00    94.74    94.74   100.00   100.00    94.74   100.00     878.95
 50 :    66    88    68    71    69    67    67    68    66    66    100.00    75.00    97.06    92.96    95.65    98.51    98.51    97.06   100.00     854.74
 51 :   415   845  1022   438   412   625   613   764   432   412     99.28    48.76    40.31    94.06   100.00    65.92    67.21    53.93    95.37     664.84
 52 :    68    68    68    68    68    68    68    68    68    68    100.00   100.00   100.00   100.00   100.00   100.00   100.00   100.00   100.00     900.00
 53 :    49    75    51    57    51    49    50    52    48    48     97.96    64.00    94.12    84.21    94.12    97.96    96.00    92.31   100.00     820.67
 54 :   158   316   200   192   171   170   169   226   152   152     96.20    48.10    76.00    79.17    88.89    89.41    89.94    67.26   100.00     734.97
 55 :    25    25    25    25    25    25    25    25    25    25    100.00   100.00   100.00   100.00   100.00   100.00   100.00   100.00   100.00     900.00
 56 :   223   473   723   322   215   327   326   405   254   215     96.41    45.45    29.74    66.77   100.00    65.75    65.95    53.09    84.65     607.81
 57 :   146   972  1564   441   225   839   677  1268   532   146    100.00    15.02     9.34    33.11    64.89    17.40    21.57    11.51    27.44     300.28
 58 :   147   200   220   185   167   163   168   215   161   147    100.00    73.50    66.82    79.46    88.02    90.18    87.50    68.37    91.30     745.16
 59 :    24    30    23    29    24    23    24    26    24    23     95.83    76.67   100.00    79.31    95.83   100.00    95.83    88.46    95.83     827.77
 60 :    22    26    22    25    22    22    21    24    21    21     95.45    80.77    95.45    84.00    95.45    95.45   100.00    87.50   100.00     834.09
 61 :    46    53    46    46    44    46    46    46    46    44     95.65    83.02    95.65    95.65   100.00    95.65    95.65    95.65    95.65     852.58
 62 :   108   139   118   123   112   114   106   119   103   103     95.37    74.10    87.29    83.74    91.96    90.35    97.17    86.55   100.00     806.54
 63 :    26    31    26    28    26    26    26    26    26    26    100.00    83.87   100.00    92.86   100.00   100.00   100.00   100.00   100.00     876.73
 64 :    68   100    70    89    69    74    77    81    69    68    100.00    68.00    97.14    76.40    98.55    91.89    88.31    83.95    98.55     802.80
 65 :   277   388   430   313   176   335   322   375   304   176     63.54    45.36    40.93    56.23   100.00    52.54    54.66    46.93    57.89     518.08
 66 :    18    18    18    18    18    18    18    18    18    18    100.00   100.00   100.00   100.00   100.00   100.00   100.00   100.00   100.00     900.00
 67 :    32    36    32    32    32    32    32    32    32    32    100.00    88.89   100.00   100.00   100.00   100.00   100.00   100.00   100.00     888.89
 68 :   263   772  1078   442   175   454   484   763   390   175     66.54    22.67    16.23    39.59   100.00    38.55    36.16    22.94    44.87     387.55
 69 :   142   145   138   143   138   137   140   146   141   137     96.48    94.48    99.28    95.80    99.28   100.00    97.86    93.84    97.16     874.17
 70 :    37    37    37    37    37    37    37    37    37    37    100.00   100.00   100.00   100.00   100.00   100.00   100.00   100.00   100.00     900.00
 71 :    68    82    67    77    70    69    72    73    68    67     98.53    81.71   100.00    87.01    95.71    97.10    93.06    91.78    98.53     843.43
 72 :    18    18    18    18    18    18    18    18    18    18    100.00   100.00   100.00   100.00   100.00   100.00   100.00   100.00   100.00     900.00
 73 :   159   663  1394   302   141   318   236   795   154   141     88.68    21.27    10.11    46.69   100.00    44.34    59.75    17.74    91.56     480.13
 74 :    94   295   568   191    92    95   102   218    98    92     97.87    31.19    16.20    48.17   100.00    96.84    90.20    42.20    93.88     616.54
 75 :    20    22    20    20    20    20    20    20    20    20    100.00    90.91   100.00   100.00   100.00   100.00   100.00   100.00   100.00     890.91
 76 :    46    60    56    54    46    50    52    54    52    46    100.00    76.67    82.14    85.19   100.00    92.00    88.46    85.19    88.46     798.10
 77 :   462  1052  1524   481   435   616   751   889   461   435     94.16    41.35    28.54    90.44   100.00    70.62    57.92    48.93    94.36     626.32
 78 :    74   108    73    90    77    74    75    80    71    71     95.95    65.74    97.26    78.89    92.21    95.95    94.67    88.75   100.00     809.41
 79 :  4971  6981  5841  5261  4905  5785  4671  6314  5154  4671     93.96    66.91    79.97    88.79    95.23    80.74   100.00    73.98    90.63     770.21
 80 :    12    13    12    12    12    12    12    12    12    12    100.00    92.31   100.00   100.00   100.00   100.00   100.00   100.00   100.00     892.31
 81 :   317   425   506   334   322   380   378   475   318   317    100.00    74.59    62.65    94.91    98.45    83.42    83.86    66.74    99.69     764.30
 82 :    37    42    36    38    38    36    37    40    36    36     97.30    85.71   100.00    94.74    94.74   100.00    97.30    90.00   100.00     859.78
 83 :    35    40    35    37    35    35    37    37    36    35    100.00    87.50   100.00    94.59   100.00   100.00    94.59    94.59    97.22     868.51
 84 :   148   272   298   202   167   170   188   284   153   148    100.00    54.41    49.66    73.27    88.62    87.06    78.72    52.11    96.73     680.59
 85 :   212   376   464   276   224   267   221   297   203   203     95.75    53.99    43.75    73.55    90.62    76.03    91.86    68.35   100.00     693.91
 86 :    29    34    29    29    29    29    29    29    29    29    100.00    85.29   100.00   100.00   100.00   100.00   100.00   100.00   100.00     885.29
 87 :   109   231  8515   180   108   124   186   191   174   108     99.08    46.75     1.27    60.00   100.00    87.10    58.06    56.54    62.07     570.88
 88 :   332   530   754   389   176   396   489   588   383   176     53.01    33.21    23.34    45.24   100.00    44.44    35.99    29.93    45.95     411.13
 89 :    54    70    52    63    56    52    56    60    51    51     94.44    72.86    98.08    80.95    91.07    98.08    91.07    85.00   100.00     811.55
 90 :    39    39    39    39    39    39    39    39    39    39    100.00   100.00   100.00   100.00   100.00   100.00   100.00   100.00   100.00     900.00
 91 :   251   337   452   285   261   292   304   354   254   251    100.00    74.48    55.53    88.07    96.17    85.96    82.57    70.90    98.82     752.50
 92 :    57    76    70    57    56    58    64    68    60    56     98.25    73.68    80.00    98.25   100.00    96.55    87.50    82.35    93.33     809.91
 93 :   897  1366  1455  1017  1056  1290   956  1613   961   897    100.00    65.67    61.65    88.20    84.94    69.53    93.83    55.61    93.34     712.77
 94 :    31    32    31    32    31    31    31    32    31    31    100.00    96.88   100.00    96.88   100.00   100.00   100.00    96.88   100.00     890.62
 95 :   177   205   184   191   180   179   184   193   175   175     98.87    85.37    95.11    91.62    97.22    97.77    95.11    90.67   100.00     851.74
 96 :  1467  2876  2975  1508   476  2290  1804  2527  1588   476     32.45    16.55    16.00    31.56   100.00    20.79    26.39    18.84    29.97     292.55
 97 :   200   247   284   219   200   205   224   229   198   198     99.00    80.16    69.72    90.41    99.00    96.59    88.39    86.46   100.00     809.73
 98 :    91   306   119   130    89   109    95   142    94    89     97.80    29.08    74.79    68.46   100.00    81.65    93.68    62.68    94.68     702.83
 99 :    28    28    28    28    28    28    28    28    28    28    100.00   100.00   100.00   100.00   100.00   100.00   100.00   100.00   100.00     900.00
Wins: 1= 54 2= 13 3= 33 4= 19 5= 51 6= 37 7= 32 8= 23 9= 47
UWins: 1= 20 2=  0 3=  2 4=  0 5= 19 6=  3 7=  2 8=  0 9= 14
Scores: 1= 9440.92 2= 6855.18 3= 7031.72 4= 8181.69 5= 9671.63 6= 8674.37 7= 8561.29 8= 7635.69 9= 8993.86
Total: 1= 23470 2= 53092 3= 70384 4= 26710 5= 20736 6= 29815 7= 28801 8= 39161 9= 25831 10= 19653
