  0 :    44    48    44    45    44    44    44    44    44    44    100.00    91.67   100.00    97.78   100.00   100.00   100.00   100.00   100.00     889.44
  1 :    74    90    72    82    72    73    75    80    72    72     97.30    80.00   100.00    87.80   100.00    98.63    96.00    90.00   100.00     849.73
  2 :    38    44    35    44    34    38    38    38    38    34     89.47    77.27    97.14    77.27   100.00    89.47    89.47    89.47    89.47     799.06
  3 :    14    15    14    16    14    14    14    15    15    14    100.00    93.33   100.00    87.50   100.00   100.00   100.00    93.33    93.33     867.50
  4 :   128   184   163   155   141   130   150   168   125   125     97.66    67.93    76.69    80.65    88.65    96.15    83.33    74.40   100.00     765.47
  5 :   101   164   102   131   104    96    97   133   105    96     95.05    58.54    94.12    73.28    92.31   100.00    98.97    72.18    91.43     775.87
  6 :   570   687   594   568   413   534   525   633   501   413     72.46    60.12    69.53    72.71   100.00    77.34    78.67    65.24    82.44     678.50
  7 :    77   157  2841   147    68    85   142    86   124    68     88.31    43.31     2.39    46.26   100.00    80.00    47.89    79.07    54.84     542.07
  8 :    60    87    82    60    48    70    72    74    59    48     80.00    55.17    58.54    80.00   100.00    68.57    66.67    64.86    81.36     655.17
  9 :   278   394   690   337   280   287   291   351   289   278    100.00    70.56    40.29    82.49    99.29    96.86    95.53    79.20    96.19     760.42
 10 :    28    34    24    30    24    28    30    30    30    24     85.71    70.59   100.00    80.00   100.00    85.71    80.00    80.00    80.00     762.02
 11 :    62   127   884   104    58    78   100    86    94    58     93.55    45.67     6.56    55.77   100.00    74.36    58.00    67.44    61.70     563.05
 12 :    60   230   559    82    52    78    60    98    65    52     86.67    22.61     9.30    63.41   100.00    66.67    86.67    53.06    80.00     568.39
 13 :    28    29    25    30    26    29    28    28    28    25     89.29    86.21   100.00    83.33    96.15    86.21    89.29    89.29    89.29     809.04
 14 :    19    24    16    19    16    17    17    19    19    16     84.21    66.67   100.00    84.21   100.00    94.12    94.12    84.21    84.21     791.74
 15 :   122   155   118   134   124   115   122   138   122   115     94.26    74.19    97.46    85.82    92.74   100.00    94.26    83.33    94.26     816.33
 16 :    12    12    11    12    11    12    11    12    12    11     91.67    91.67   100.00    91.67   100.00    91.67   100.00    91.67    91.67     850.00
 17 :   250   507   600   320   185   315   328   672   323   185     74.00    36.49    30.83    57.81   100.00    58.73    56.40    27.53    57.28     499.07
 18 :    55    70    49    62    56    51    55    59    55    49     89.09    70.00   100.00    79.03    87.50    96.08    89.09    83.05    89.09     782.93
 19 :    10    10     9    10     9    10    10    10    10     9     90.00    90.00   100.00    90.00   100.00    90.00    90.00    90.00    90.00     830.00
 20 :   516  1434  1913   577   587   939   895  1391   550   516    100.00    35.98    26.97    89.43    87.90    54.95    57.65    37.10    93.82     583.81
 21 :   306 11235  7182   466   121   267  1736   617   940   121     39.54     1.08     1.68    25.97   100.00    45.32     6.97    19.61    12.87     253.04
 22 :   179   227   186   190   175   174   176   196   175   174     97.21    76.65    93.55    91.58    99.43   100.00    98.86    88.78    99.43     845.48
 23 :    24    29    23    26    24    24    25    26    25    23     95.83    79.31   100.00    88.46    95.83    95.83    92.00    88.46    92.00     827.73
 24 :    94   239   295   212    99   123   126   160   107    94    100.00    39.33    31.86    44.34    94.95    76.42    74.60    58.75    87.85     608.11
 25 :  1531  2102  1810  1288  1339  1336  1240  1990  1519  1240     80.99    58.99    68.51    96.27    92.61    92.81   100.00    62.31    81.63     734.13
 26 :    21    21    21    22    21    21    21    21    21    21    100.00   100.00   100.00    95.45   100.00   100.00   100.00   100.00   100.00     895.45
 27 :   175   297   442   218   104   187   196   238   232   104     59.43    35.02    23.53    47.71   100.00    55.61    53.06    43.70    44.83     462.88
 28 :   112   546   394   275   131   341   176   371   246   112    100.00    20.51    28.43    40.73    85.50    32.84    63.64    30.19    45.53     447.36
 29 :    32    42    28    38    32    29    29    35    32    28     87.50    66.67   100.00    73.68    87.50    96.55    96.55    80.00    87.50     775.95
 30 :   521  1299  1590   530   560   768   757  1369   538   521    100.00    40.11    32.77    98.30    93.04    67.84    68.82    38.06    96.84     635.77
 31 :   501   751   617   599   398   404   555   861   491   398     79.44    53.00    64.51    66.44   100.00    98.51    71.71    46.23    81.06     660.90
 32 :    39    49    38    42    38    38    39    40    39    38     97.44    77.55   100.00    90.48   100.00   100.00    97.44    95.00    97.44     855.33
 33 :  1461  4079  5089  1453   190  2381  1956  4271  1619   190     13.00     4.66     3.73    13.08   100.00     7.98     9.71     4.45    11.74     168.35
 34 :    54    71    52    62    54    53    52    58    55    52     96.30    73.24   100.00    83.87    96.30    98.11   100.00    89.66    94.55     832.02
 35 :    24    24    21    24    21    24    24    24    22    21     87.50    87.50   100.00    87.50   100.00    87.50    87.50    87.50    95.45     820.45
 36 :    54    98  1309    86    48    68    76    75    65    48     88.89    48.98     3.67    55.81   100.00    70.59    63.16    64.00    73.85     568.94
 37 :    66   163  1739   122    62    91    98    99   102    62     93.94    38.04     3.57    50.82   100.00    68.13    63.27    62.63    60.78     541.17
 38 :   279   353   330   300   226   260   268   341   414   226     81.00    64.02    68.48    75.33   100.00    86.92    84.33    66.28    54.59     680.96
 39 :    81   226  5068   167    73   114   164   170   159    73     90.12    32.30     1.44    43.71   100.00    64.04    44.51    42.94    45.91     464.98
 40 :  1202  1773  1492  1359  1090  1306  1236  1673  1304  1090     90.68    61.48    73.06    80.21   100.00    83.46    88.19    65.15    83.59     725.81
 41 :   106   143   134   129   104   104   111   139   104   104     98.11    72.73    77.61    80.62   100.00   100.00    93.69    74.82   100.00     797.59
 42 :    34    48    42    44    31    40    42    45    38    31     91.18    64.58    73.81    70.45   100.00    77.50    73.81    68.89    81.58     701.80
 43 :   157   231   188   198   164   156   159   210   161   156     99.36    67.53    82.98    78.79    95.12   100.00    98.11    74.29    96.89     793.08
 44 :   110   319   324   209   110   137   117   239   114   110    100.00    34.48    33.95    52.63   100.00    80.29    94.02    46.03    96.49     637.89
 45 :    33    43    30    36    30    30    32    35    33    30     90.91    69.77   100.00    83.33   100.00   100.00    93.75    85.71    90.91     814.38
 46 :    48    70   437    58    45    52    60    58    52    45     93.75    64.29    10.30    77.59   100.00    86.54    75.00    77.59    86.54     671.58
 47 :    30    30    30    32    30    30    30    30    30    30    100.00   100.00   100.00    93.75   100.00   100.00   100.00   100.00   100.00     893.75
 48 :   563   689   566   564   410   538   511   632   504   410     72.82    59.51    72.44    72.70   100.00    76.21    80.23    64.87    81.35     680.13
 49 :    16    19    16    18    16    16    16    19    18    16    100.00    84.21   100.00    88.89   100.00   100.00   100.00    84.21    88.89     846.20
 50 :    63    86    60    70    64    61    64    67    65    60     95.24    69.77   100.00    85.71    93.75    98.36    93.75    89.55    92.31     818.44
 51 :   414   845  1022   434   394   589   572   761   427   394     95.17    46.63    38.55    90.78   100.00    66.89    68.88    51.77    92.27     650.95
 52 :    62    63    57    63    62    62    63    63    62    57     91.94    90.48   100.00    90.48    91.94    91.94    90.48    90.48    91.94     829.65
 53 :    44    65    40    53    43    45    40    46    48    40     90.91    61.54   100.00    75.47    93.02    88.89   100.00    86.96    83.33     780.12
 54 :   156   266   200   191   164   152   160   211   152   152     97.44    57.14    76.00    79.58    92.68   100.00    95.00    72.04   100.00     769.88
 55 :    15    15    15    15    15    15    15    15    15    15    100.00   100.00   100.00   100.00   100.00   100.00   100.00   100.00   100.00     900.00
 56 :   222   494   723   317   205   310   324   397   253   205     92.34    41.50    28.35    64.67   100.00    66.13    63.27    51.64    81.03     588.93
 57 :   134  1277  1564   434   219   792   651  1260   528   134    100.00    10.49     8.57    30.88    61.19    16.92    20.58    10.63    25.38     284.64
 58 :   147   206   220   185   165   155   163   190   161   147    100.00    71.36    66.82    79.46    89.09    94.84    90.18    77.37    91.30     760.42
 59 :    22    29    19    27    21    22    21    26    20    19     86.36    65.52   100.00    70.37    90.48    86.36    90.48    73.08    95.00     757.64
 60 :    18    26    16    23    18    18    19    21    20    16     88.89    61.54   100.00    69.57    88.89    88.89    84.21    76.19    80.00     738.17
 61 :    34    50    29    36    29    29    32    35    37    29     85.29    58.00   100.00    80.56   100.00   100.00    90.62    82.86    78.38     775.71
 62 :   107   144   116   122   108   112   105   115   103   103     96.26    71.53    88.79    84.43    95.37    91.96    98.10    89.57   100.00     816.00
 63 :    18    25    17    21    18    18    18    20    18    17     94.44    68.00   100.00    80.95    94.44    94.44    94.44    85.00    94.44     806.17
 64 :    65    97    70    84    66    70    59    81    69    59     90.77    60.82    84.29    70.24    89.39    84.29   100.00    72.84    85.51     738.14
 65 :   274   395   430   312   136   309   322   364   304   136     49.64    34.43    31.63    43.59   100.00    44.01    42.24    37.36    44.74     427.63
 66 :    12    12    12    12    12    12    12    12    12    12    100.00   100.00   100.00   100.00   100.00   100.00   100.00   100.00   100.00     900.00
 67 :    32    36    26    32    27    32    32    32    32    26     81.25    72.22   100.00    81.25    96.30    81.25    81.25    81.25    81.25     756.02
 68 :   258   755  1077   439   160   427   484   753   390   160     62.02    21.19    14.86    36.45   100.00    37.47    33.06    21.25    41.03     367.31
 69 :   141   147   137   143   135   136   138   145   141   135     95.74    91.84    98.54    94.41   100.00    99.26    97.83    93.10    95.74     866.47
 70 :    26    29    25    26    25    25    26    26    26    25     96.15    86.21   100.00    96.15   100.00   100.00    96.15    96.15    96.15     866.98
 71 :    66    82    61    77    64    63    64    73    67    61     92.42    74.39   100.00    79.22    95.31    96.83    95.31    83.56    91.04     808.09
 72 :    18    18    15    18    16    17    18    18    18    15     83.33    83.33   100.00    83.33    93.75    88.24    83.33    83.33    83.33     781.99
 73 :   147   622  1394   294   125   294   232   761   148   125     85.03    20.10     8.97    42.52   100.00    42.52    53.88    16.43    84.46     453.90
 74 :    82   326   566   189    79    80    84   205    89    79     96.34    24.23    13.96    41.80   100.00    98.75    94.05    38.54    88.76     596.43
 75 :    18    22    16    20    17    19    20    20    18    16     88.89    72.73   100.00    80.00    94.12    84.21    80.00    80.00    88.89     768.83
 76 :    38    60    56    54    38    50    52    54    40    38    100.00    63.33    67.86    70.37   100.00    76.00    73.08    70.37    95.00     716.01
 77 :   461  1122  1523   478   421   574   687   833   461   421     91.32    37.52    27.64    88.08   100.00    73.34    61.28    50.54    91.32     621.05
 78 :    74    92    71    90    75    72    75    77    71    71     95.95    77.17   100.00    78.89    94.67    98.61    94.67    92.21   100.00     832.16
 79 :  4964  7100  5841  5259  4879  5717  4651  6306  5154  4651     93.69    65.51    79.63    88.44    95.33    81.35   100.00    73.76    90.24     767.94
 80 :    12    13    10    12    10    11    12    12    12    10     83.33    76.92   100.00    83.33   100.00    90.91    83.33    83.33    83.33     784.50
 81 :   314   439   505   329   297   349   375   468   317   297     94.59    67.65    58.81    90.27   100.00    85.10    79.20    63.46    93.69     732.78
 82 :    31    41    26    35    27    28    29    33    32    26     83.87    63.41   100.00    74.29    96.30    92.86    89.66    78.79    81.25     760.42
 83 :    33    40    22    37    22    29    28    37    33    22     66.67    55.00   100.00    59.46   100.00    75.86    78.57    59.46    66.67     661.69
 84 :   145   269   298   202   162   162   188   283   152   145    100.00    53.90    48.66    71.78    89.51    89.51    77.13    51.24    95.39     677.11
 85 :   207   381   460   271   211   244   212   290   202   202     97.58    53.02    43.91    74.54    95.73    82.79    95.28    69.66   100.00     712.51
 86 :    28    34    27    29    28    29    27    29    29    27     96.43    79.41   100.00    93.10    96.43    93.10   100.00    93.10    93.10     844.68
 87 :    95   229  8515   180    82   124   186   191   174    82     86.32    35.81     0.96    45.56   100.00    66.13    44.09    42.93    47.13     468.92
 88 :   331   611   754   388   142   369   489   566   383   142     42.90    23.24    18.83    36.60   100.00    38.48    29.04    25.09    37.08     351.26
 89 :    51    61    40    62    51    50    50    56    51    40     78.43    65.57   100.00    64.52    78.43    80.00    80.00    71.43    78.43     696.81
 90 :    28    29    25    33    27    28    27    28    28    25     89.29    86.21   100.00    75.76    92.59    89.29    92.59    89.29    89.29     804.29
 91 :   250   372   452   282   256   278   296   342   254   250    100.00    67.20    55.31    88.65    97.66    89.93    84.46    73.10    98.43     754.73
 92 :    51    70    70    51    43    58    64    68    50    43     84.31    61.43    61.43    84.31   100.00    74.14    67.19    63.24    86.00     682.05
 93 :   897  1457  1455  1016   990  1242   952  1602   961   897    100.00    61.56    61.65    88.29    90.61    72.22    94.22    55.99    93.34     717.89
 94 :    27    30    23    29    24    26    25    29    29    23     85.19    76.67   100.00    79.31    95.83    88.46    92.00    79.31    79.31     776.08
 95 :   176   204   179   188   171   175   176   193   174   171     97.16    83.82    95.53    90.96   100.00    97.71    97.16    88.60    98.28     849.22
 96 :  1460  2666  2975  1480   324  2156  1713  2502  1585   324     22.19    12.15    10.89    21.89   100.00    15.03    18.91    12.95    20.44     234.46
 97 :   200   276   283   219   200   200   222   223   198   198     99.00    71.74    69.96    90.41    99.00    99.00    89.19    88.79   100.00     807.09
 98 :    84   350   107   127    83    98    85   139    90    83     98.81    23.71    77.57    65.35   100.00    84.69    97.65    59.71    92.22     699.72
 99 :    20    20    19    20    19    20    19    20    20    19     95.00    95.00   100.00    95.00   100.00    95.00   100.00    95.00    95.00     870.00
Wins: 1= 19 2=  4 3= 41 4=  2 5= 57 6= 17 7= 15 8=  5 9= 13
UWins: 1= 10 2=  0 3= 17 4=  0 5= 34 6=  4 7=  3 8=  0 9=  4
Scores: 1= 8841.55 2= 6135.46 3= 6897.66 4= 7425.74 5= 9666.61 6= 8226.52 7= 8080.74 8= 6976.81 9= 8261.68
Total: 1= 22971 2= 51816 3= 70001 4= 26240 5= 19081 6= 28108 7= 27510 8= 38305 9= 25562 10= 18264
